"location","text"
"Orat. 35_1","χχχv@n-------- xxxviii@n-------- r@n-------- προσ@r-------- τις@n-p---ma- ου@n-s---mg- λέγω3@v-pppama- καί@d-------- ἐγώ@p1s---ma- καί@d-------- ὁ@l-s---fa- πόλις@n-s---fa- καί@d-------- σύ@p-p---ma- καί@c-------- ὁ@l-p---ma- ὑμέτερος@a-p---ma- πατήρ@n-p---ma- ζάω@v-pppama- τε@d-------- καί@c-------- τελευτάω@v-prpama- δα@v1sria--- κρύω@v3saoa--- ἄν@d-------- τις@p-s---mn- εἰκότως@d-------- ὁράω@v-sppamn- ὁ@l-s---fa- ὑμέτερος@a-s---fa- ἐν@r-------- ὁ@l-p---nd- δικαστήριον@n-p---nd- ἀφωνία@n-s---fa- ὅς@p-s---fg- πάλαι@d-------- μέν@d-------- σύ@p-p---md- ἔξεστι@v3siia--- ἀπηλ@n-s---mn- λάχος@v--rne--- μή@c-------- ὁ@l-p---fa- ἐμός@a-p---fa- ἀτιμάζω@v-papamd- παραίνεσις@n-p---fa- γίγνομαι@v3saom--- δ@c-------- ’@c-------- ἄν@d-------- καί@d-------- νῦν@d-------- εἰ@c-------- ἐγώ@p-s---md- προσέχω@v--pna--- ἐθέλω@v2pfia--- ὁ@l-s---fg- νης@n-s---fg- ἴασις@n-s---fn-"
"Orat. 35_2","εὔχομαι@v1spie--- τοίνυν@d-------- ὁ@l-p---md- ὁ@l-s---fa- πόλις@n-s---fa- ἔχω@v-pppamd- ὁ@l-s---fa- ἡμέτερος@a-s---fa- θεός@n-p---md- δίδωμι@v--ana--- ἐγώ@p1s---md- περί@r-------- ὅς@p-p---ng- ἥκω@v1spia--- συμβου@v2saim--- λεύσσω@v-sfpamn- εἶπον@v--ana--- τε@d-------- μέτριος@d-------- καί@c-------- πείθω@v-pppema- σύ@p-p---ma- βαίνω@v--ana--- κοινός@a-s---nn- γάρ@d-------- δή@d-------- ὁ@l-s---mg- τε@c-------- λέγω3@v-sppamg- καί@c-------- ὁ@l-p---mg- ἀκούω@v-pppamg- εἰμί@v-pppamg- ὁ@l-s---nn- κέρδος@n-s---nn- ὁ@l-s---ma- μέν@d-------- ἐρῶ@v--rna--- δοκέω@v--ana--- ὁ@l-p---na- βέλτιστος@a-p---na- ὁ@l-p---ma- δέ@d-------- ἀντί@r-------- ὁ@l-p---ng- ἡδύς@a-p---ng- αἱρέω@v--anm--- ὁ@l-p---na- συμφέρω@v-pppana- εἰ@c-------- δέ@d-------- αὖ@d-------- ἐπί@r-------- ὁ@l-p---mg- νῦν@d-------- φιλονεικέω@v2pfia--- μένω@v--pna--- ἥσσων@a-s---mac μέν@d-------- κερδαίνω@v1sfia--- δέ@d-------- ὅμως@d-------- αὐτός@p-s---na- γε@d-------- ὁ@l-s---na- περί@r-------- ὁ@l-p---ng- τοιοῦτος@p-p---ng- συμβουλεύω@v--rna--- 3@x-------- εὐθύς@a-s---na- δέ@d-------- τις@p-s---mn- σύ@p-p---mg- ἀποκρίνω@v3spme--- ἐγώ@p1s---md- τις@a-s---fn- σύ@p-p---md- προσηγορία@n-s---fn- κοινός@a-s---fn- φημί@v2spoa--- ’@v2ppoa--- ἄν@g-------- ὁ@l-p---mn- πολιός@a-p---mn- τεύω@v-pppemn- τις@p-s---nn- τοίνυν@d-------- ἔργον@n-s---nn- οὗτος@p-s---fg- ὁ@l-s---fg- προσάγω@n-s---fg- -@a-s---fg- ρία@n-s---fg- γνώμη@n-s---fd- λειτουργέω@v--ana--- καί@c-------- λόγος@n-p---md- εἰσηγέομαι@v--ane--- το@l-s---na- δεῖ@v-sppana- κωλύω@v--ana--- ὁ@l-p---na- βλαβερός@a-p---na- ὁ@l-p---md- μέν@d-------- συνεῖπον@v--ana--- ὁ@l-p---md- δέ@d-------- ἀπαντάω@v--ana--- ἀκολουθέω@v--ana--- μέν@d-------- εὖ@d-------- φρονέω@v-pppamd- ἄρχω@n-p---md- μάχομαι@v--anm--- δέ@d-------- ὁ@l-s---na- λυσιτελέω@v-sppana- οὐ@d-------- ὁράω@v-pppamd- ἀνθίστημι@v--ana--- ὁ@l-p---fd- ἀπό@r-------- ὁ@l-s---mg- θρόνος@n-s---mg- φωνή@n-p---fd- ὁ@l-p---fa- ἀπό@r-------- ὁ@l-s---ng- βουλεύω@v--pna--- ὁ@l-s---na- φοβέω@v--pna--- μᾶλλον@d-------c ἤ1@c-------- δείδω@v--rna--- ἐκ@r-------- ῥητορεία@n-s---fg- ἔχω@v--pna---"
"Orat. 35_4","οὗτος@p-p---nn- ’@p-p---nn- εἰμί@v3spia--- ὁ@l-s---mn- πολιτεύω@v-sppemn- οὐ@d-------- ξύλον@n-p---nn- καί@d-------- κάμινος@n-p---mn- καί@d-------- ἵππος@n-p---mn- καί@d-------- ἀθλητής@n-p---mn- καί@d-------- ἄρκτος@n-p---fn- καί@c-------- κυνηγέτης@n-p---mn- καλός@a-p---nn- μέν@d-------- γάρ@d-------- καί@d-------- οὗτος@a-p---nn- ὁ@l-p---nn- ἀνάλωμα@n-p---nn- καί@c-------- φέρω@v-pppann- τιμή@n-s---fa- μέν@d-------- ὁ@l-s---fd- πόλις@n-s---fd- δόξα@n-s---fa- δέ@c-------- ὁ@l-s---md- δαπανάω@v-sppemd- ἀλλά@c-------- οὔπω@d-------- οὗτος@p-s---na- ’@p-p---nn- εἰμί@v3spia--- πολιτεύω@v--pne--- ἀλλά@c-------- εἶδος@n-p---na- μέν@d-------- οἴομαι@v1spie--- λειτουρ@a-p---na- γιγνώσκω@v-sppamn- ἕτερος@a-s---na- δέ@c-------- ὁ@l-s---mn- πολιτεύω@v-sppemn- οἷος@p-s---na- λέγω3@v1siia--- ἄρτιος@d-------- καί@d-------- ἄν@c-------- δεκάκις@d-------- οὗτος@p-p---ng- τις@p-s---mn- ἕκαστος@a-s---na- πρός@r-------- ὁ@l-s---fa- ἑαυτοῦ@p-s---mg- ποιέω@v3spsa--- φιλοτιμία@n-s---fn- μέν@d-------- καί@d-------- μεγαλοψυχία@n-s---fn- καί@c-------- λαμπρότης@n-s---fn- οὗτος@p-p---nn- ’@p-p---nn- ἄν@d-------- εἰμί@v3spoa--- πρόσω@d-------- δέ@c-------- γε@d-------- ὁ@l-s---ng- ὁ@l-s---fg- πολιτεία@n-s---fg- τος@n-s---ng- δῆλος@a-s---nn- δέ@d-------- ἐκεῖθεν@d--------"
"Orat. 35_5","πολύς@a-p---mn- πατήρ@n-p---mn- καί@c-------- νή@r-------- ζεύς@n-s---ma- γε@d-------- καί@c-------- μήτηρ@n-p---fn- ὁ@l-p---mg- ἀνήρ@n-p---mg- αὐτός@p-p---fd- οἴχομαι@n-p---na- νων@p-p---mg- ἄγω@v3paia--- ἐπί@r-------- ὁ@l-p---fa- τοιοῦτος@p-p---fa- δαπάνη@n-p---fa- ὁ@l-p---na- μέν@d-------- ἄρτι@d-------- γάλα@n-s---ng- ἀπαλλαξείω@v-prpena- παιδίον@n-p---na- ὁ@l-p---na- δέ@d-------- οὔπω@d-------- οὗτος@p-p---md- οὖν@d-------- ἐκεῖνος@a-s---fg- μεταδίδωμι@v3sfia--- τις@p-s---mn- ὁ@l-s---fg- προσηγορία@n-s---fg- οὐδείς@p-s---mn- πλήν@r-------- εἰ@c-------- παραπαίω@a-p---mn- γε@g-------- πῶς@d-------- γάρ@d-------- ἄν@d-------- ὅς@l-s---mn- γε@d-------- μη@d-------- δέ@c-------- ὅτι@c-------- λειτουργέω@v3spia--- δύναμαι@v-sppemn- οἶδα@v--rna--- ὁ@l-s---na- ὁ@l-s---ng- πολιτεύω@v-sppeng- πράσσω@v3saoa--- πῶς@d-------- δέ@d-------- οὐ@d-------- πράσσω@v-sppamn- ὁ@l-s---nd- ὁ@l-s---fg- πρᾶξις@n-s---fg- ἄν@g-------- ὄνομα@n-s---md- ματι@d-------- καλέω@v3spoe--- καί@d-------- σύ@p-p---mn- τοίνυν@d-------- ὥσπερ@c-------- ἐκεῖνος@p-s---nn- ὁ@l-s---nn- παι@n-------- ζεύς@n-s---nn- λειτουργέω@v2pria--- μέν@d-------- πολιτεύω@v2ppie--- δέ@c-------- οὐ@d-------- καί@d-------- οὗτος@p-s---na- πάλαι@d-------- μέν@d-------- ἀκούω@v1siia--- ὁ@l-p---mg- ἐγώ@p1s---cd- τε@d-------- ἐπί@r-------- -@d-------- χαίρω@v-pppamg- καί@c-------- σύ@p-p---mg- καταγελάω@v-pppamg- καί@c-------- οὐ@d-------- ἀπιστέω@v1siia--- οἶδα@v1slia--- γάρ@d-------- σύ@p-p---mg- ἐν@r-------- πολύς@a-p---md- χῶρος@n-p---md- ὁ@l-p---fa- γλῶσσα@n-p---fa- νῦν@d-------- δέ@c-------- δή@d-------- καί@d-------- σαφής@a-s---nac γιγνώσκω@v1saia--- ὁ@l-s---fa- ἐμαυτοῦ@p-s---mg- συμφορά@n-s---fa- εἰσέρχομαι@v3paia--- μέν@d-------- γάρ@d-------- ὁ@l-s---ma- ἄρχω@n-s---ma- προσεράω@v-sppamn- ὡς@c-------- οὐ@d-------- δεῖ@v3siia--- πάρειμι1@v3siia--- δέ@c-------- ὁ@l-s---fn- βουλή@n-s---fn- πᾶς@a-s---fn- πρ@d-------- κεῖμαι@v3siie--- δέ@g-------- τις@p-s---na- ὁ@l-p---mg- δαίω@v-sppamn- ἀπαιτέω@v--pna--- λόγος@n-s---ma- καί@c-------- ῥήτωρ@n-p---ma- ὁ@l-p---mg- δέ@d-------- ἄλλος@p-p---mg- ὅς@p-s---nn- δοκέω@v3spia--- σφεῖς@p-p---md- λυσιτελέω@v--pna--- λέγω3@v-pppamg- σύ@p-p---mn- πολιτεύω@v2piie--- ὁ@l-s---fd- σιωπή@n-s---fd- τοσοῦτος@p-s---na- συνεισφέρω@v-pppamn- ὁπόσος@p-s---na- πρόσταγμα@n-s---nd- ὁ@l-s---na- λέγω3@v-sppena- ἐπαινέω@v--ana--- μᾶλλον@d-------- δέ@d-------- ὁ@l-p---mn- μέν@d-------- ὁράω@v3piie--- τε@d-------- σύ@p-p---mg- καί@c-------- οὗτος@p-s---na- ποιέω@v3piia--- ὁ@l-p---mn- δέ@c-------- οὐ@d-------- δέ@c-------- οὗτος@p-s---na- ἀλλά@c-------- κρύος@n-s---nn- βάλλω@v-papamn- ἑαυτοῦ@p-p---ma- ὑπό@r-------- ὁ@l-p---nd- νῶτον@n-p---nd- ἐκεῖνος@p-p---mg- οὐδείς@a-s---na- οἰκέτης@v-sppamn- διαφέρω@v3piia--- εἰς@r-------- δεσπότης@n-p---ma- βλέπω@v-pppamg- ἔξειμι2@v-pppamg- δέ@d-------- σύ@p-p---mg- ὁ@l-p---md- μέν@d-------- ἐκ@r-------- ὅς@p-p---ng- λέγω@v3plia--- ὑπάρχω@v3sria--- μέγας@a-s---na- φρονέω@v--pna--- σύ@p-p---md- δέ@c-------- ἐκ@r-------- ὁ@l-s---ng- σιγάω@v--rna--- ταπεινόω@v--rne--- καί@c-------- ὁ@l-p---md- γε@d-------- ἀκόλουθος@a-p---md- ἑκάτερος@a-p---mg- ὁ@l-p---md- μέν@d-------- ἐκεῖνος@p-p---mg- χαρά@n-s---fn- ὁ@l-p---md- δ@c-------- ’@c-------- ὑμέτερος@a-p---md- κατήφεια@n-s---fn-"
"Orat. 35_7","τις@p-p---mn- δή@d-------- καί@d-------- δειπνέω@v-pppamd- εἰμί@v3piia--- σύ@p-p---md- πρός@r-------- ὁ@l-p---fa- μήτηρ@n-p---fa- ὁ@l-p---mn- λόγος@n-p---mn- ψεύδω@v-pppemn- μέν@d-------- γάρ@d-------- καί@d-------- ἐκ@r-------- λόγος@n-p---mg- ἥκω@v--pna--- αὐτός@p-p---fd- λέγω3@v-pppamn- κατά@d-------- αὐτός@a-s---na- οὗτος@p-s---na- ἀδικέω@v2piia--- σιωπάω@v--rna--- δέ@c-------- ὁμολογέω@v-pppamn- τίς@p-s---na- ἄλλος@a-s---na- ἤ1@c-------- στένω@v--pna--- ποιέω@v2ppia--- δυστυχής@a-p---fa- αὐτός@p-p---fa- ἀποφαίνω@v-pppamn- μήτηρ@n-p---fa- καταράομαι@v-pppefa- σφεῖς@p-p---fd- αὐτός@p-p---fd- ὕβρις@n-s---fa- καί@d-------- λώβη@n-s---fa- καί@c-------- ὄνειδος@n-p---na- τίκτω@v-pppafd- ταχύς@a-s---na- γε@d-------- ἄν@d-------- σύ@p-p---ma- αἰσχύνω@v3saoa--- χειροτέχνης@n-s---mn- ταχύς@a-s---na- γε@d-------- ἄν@d-------- ὑπουργέω@v3saoa--- κελεύω@v-pppamd- ταχύς@a-s---na- γ@d-------- ’@d-------- ἄν@d-------- ἐλπίζω@v3saoa--- δυσχερής@a-s---na- ἑαυτοῦ@p-s---md- τις@p-s---na- λύω@v--fnp--- διά@r-------- σύ@p-p---mg- ὅταν@c-------- σύ@p-p---mn- ἄλλος@p-p---ng- δέω@v2ppse--- ὁ@l-p---ng- ὑπέρ@r-------- σύ@p-p---mg- ἐρῶ@v-pppamg-"
"Orat. 35_8","πρός@r-------- θεός@n-p---mg- πότερον@d-------- ἀμείνων@a-s---nnc ἄγω@v--pna--- ἤ1@c-------- ἄγω@v--pne--- καί@c-------- ἰσχύω@v--pna--- ἤ1@c-------- μή@d-------- δύναμαι@v--pne--- καί@c-------- βοηθέω@v--pna--- ἤ1@c-------- χρῄζω@v--pna--- ὁ@l-s---mg- βοηθέω@v-sfpang- καί@c-------- καλέω@v--pne--- μακάριος@a-s---ma- ἤ1@c-------- μακαρίζω@v--pna--- ἕτερος@a-s---ma- καί@c-------- ὠφελέω@v--pna--- ὁ@l-s---fa- φέρω@v-sppafa- ἤ1@c-------- μή@d-------- οἷος@a-s---na- τε@d-------- εἰμί@v--pna--- οὐκοῦν@d-------- ἐν@r-------- ὁ@l-p---nd- ἐρῶ@v-prpend- οὗτος@p-p---nd- ὁ@l-p---nn- δεύτερος@a-p---nn- μέν@d-------- ὑμέτερος@a-p---nn- ὁ@l-p---nn- πρότερος@a-p---nn- δέ@c-------- ἄλλος@p-p---mg- ὁ@l-p---mn- φοβέω@v3ppie--- ται@v3ppie--- ὁ@l-p---ma- ὁ@l-p---mg- ἄρχων@n-p---mg- ὑπηρέτης@n-p---ma- ὅς@p-p---ma- σύ@p-p---mn- δείδω@v2pria--- καί@c-------- εἰμί@v3spia--- αὐτός@p-p---md- ῥᾴδιος@a-s---nn- λυπέω@v--ana--- βλέμμα@n-s---nd- λυπέω@v--ana--- ῥῆμα@n-s---nd- λυπέω@v--ana--- χείρ@n-s---fd- λαμβάνω@v--anm--- μετά@r-------- ὀργή@n-s---fg- καί@c-------- μή@d-------- βούλομαι@v-sppema- ἀποδύνω@v--ana--- καί@c-------- πού@d-------- τις@p-s---na- καί@d-------- πλέος@a-s---na- πόθεν@d-------- οὖν@d-------- ὁ@l-p---ma- μέν@d-------- ὑπέρχομαι@v3ppie--- καί@c-------- θεραπεύω@v3ppia--- σύ@p-p---ma- δέ@c-------- ἐλαύνω@v3ppia--- ὅτι@d-------- ὁ@l-p---mg- μέν@d-------- αἰδέομαι@v3ppie--- ὁ@l-s---fa- δόξα@n-s---fa- ὅς@p-p---ng- ἀπό@r-------- ὁ@l-s---ng- λέγω3@v--pna--- ἔχω@v3ppia--- ἐν@r-------- ἄδοξος@a-p---md- δέ@c-------- σύ@p-p---ma- ὁ@l-s---ng- σιωπάω@v--pna--- εὑρίσκω@v3ppia--- οὐ@d-------- ἀγνοέω@v-pppamn- μέν@d-------- σύ@p-p---mg- ὅς@p-p---na- καί@d-------- λειτουργέω@v2ppia--- καί@c-------- λειτουργέω@v2pria--- ὁ@l-s---md- νόμος@n-s---md- δέ@d-------- καί@c-------- ὁ@l-p---fd- ἀνάγκη@n-p---fd- οὗτος@p-p---na- λογίζομαι@v-pppemn- ὁ@l-p---fa- ψυχή@n-p---fa- δέ@c-------- σύ@p-p---mg- οὐ@d-------- ἔχω@v-pppamn- θαυμάζω@v--ana--- 9@x-------- εἰ@c-------- μέν@d-------- οὖν@d-------- εἰμί@v2piia--- πολίτης@n-p---mn- πόλις@n-s---fg- ἀπό@r-------- ἄλλος@p-s---ng- τις@p-s---ng- ὁ@l-p---ng- νομίζω@v-pppeng- ἀγαθός@a-p---ng- εἰς@r-------- ὄνομα@n-s---na- ἥκω@v-sppafg- ἀλλά@c-------- οὐ@d-------- ὁ@l-s---fg- δεινότης@n-s---fg- ὁ@l-p---mg- πολιτεύω@v-pppemg- εἰμί@v3siia--- ἄν@d-------- καί@d-------- οὕτως@d-------- καλός@a-s---nn- ἀμείνων@a-p---mac γίγνομαι@v--anm--- πατήρ@n-p---mg- καί@c-------- ἔχω@v--pna--- γε@d-------- καί@d-------- αὐτός@p-p---ma- εἶπον@v--ana--- ὁ@l-s---na- ὁ@l-s---mg- σθένελος@n-s---mg- τάχα@d-------- δ@c-------- ’@d-------- ἄν@d-------- τις@a-s---fn- εἰμί@v3siia--- σύ@p-p---md- οὐ@d-------- κτάομαι@v-papmmd- οὗτος@p-s---na- ἀπολογία@n-s---fn- νῦν@d-------- δέ@d-------- οὗτος@p-s---na- ἄν@d-------- εὑρίσκω@v3saoa--- τις@p-s---mn- ὅτι@c-------- μάλιστα@d-------- ὁ@l-s---fn- πόλις@n-p---fa- ἐγώ@p1p---md- ἐκ@v3saia--- λαμψο@v3saia--- ὁ@l-s---fd- περί@r-------- ὁ@l-s---na- λέγω3@v--pna--- ὁ@l-s---fg- βουλή@n-s---fg- ἐπιστήμη@n-s---fd- διά@r-------- ὅς@p-s---fa- καί@d-------- ὁ@l-p---md- παιδεύω@v-pppamd- οὐ@d-------- μικρός@a-s---mn- ἐν@r-------- ὁ@l-p---fd- ἐπίδειξις@n-p---fd- ὁ@l-s---mn- χρόνος@n-s---mn- δεινός@a-s---nn- οὖν@d-------- μή@d-------- καί@d-------- οὗτος@p-s---ng- φαίνω@v--pne--- κλῆρος@n-s---mg- -@a-p---ma- νόμος@n-p---ma- ἀλλά@c-------- ἐν@r-------- ὁ@l-s---md- ὑμέτερος@a-s---md- βίος@n-s---md- διαφθείρω@v--anp--- ὁ@l-s---fd- λει@n-s---fd- ὁ@l-s---fa- δόξα@n-s---fa- ἤ1@d-------- ὁ@l-s---na- μέν@d-------- τεῖχος@n-s---na- αὐτός@p-s---fg- εἰ@c-------- περιαιρέω@v2piia--- δίκη@n-s---fa- ἄν@d-------- ὀφείλω@v2ppma--- ὁ@l-p---ng- δέ@c-------- ἀπό@r-------- ὁ@l-s---ng- λέγω3@v--pna--- γίγνομαι@v-pppeng- ἀποστερέω@v-pppamn- τιμή@n-p---fg- ἄξιος@a-s---na- τις@p-s---na- ποιέω@v2ppia---"
"Orat. 35_10","ἐγώ@p1s---mn- χαίρω@v1spia--- μέν@d-------- θαυμάζω@v-sppemg- φασγάνιος@n-s---mg- καί@c-------- οὐ@d-------- ἦττον@a-s---nac γε@d-------- ἤ1@c-------- ὁ@l-s---mn- ἐπαινέω@v-sppemn- βούλομαι@v1siie--- δέ@c-------- ἄν@d-------- μετά@r-------- ἐκεῖνος@p-s---mg- σύ@p-p---ma- ἐπεί@c-------- καί@d-------- ὁ@l-s---fd- πόλις@n-s---fd- κέρδος@n-s---nn- ἄν@d-------- εἰμί@v3siia--- οὐ@d-------- ὁ@l-s---na- νῦν@d-------- λε@x-------- γίγνομαι@v-sppema- λέγω3@v--pne--- ὁ@l-s---nn- οὐδείς@a-s---mn- ἐκεῖνος@p-s---md- προσόμοιος@a-s---mn- ἀλλά@c-------- ὅτι@c-------- πολύς@a-p---mn- παραπλήσιος@a-p---mn- καί@d-------- ὁ@l-s---ma- ἀργύριον@n-s---ma- δέ@d-------- καί@c-------- ὁ@l-s---ma- εὔβουλος@n-s---ma- ὡς@d-------- ῥήτωρ@n-p---ma- ἀγαθός@a-p---ma- ὑμνέω@p-s---mg- μένω@v-pppema- οἶδα@v1pria--- ἐγώ@p-s---mn- δέ@c-------- καί@d-------- ἄλλος@p-p---ma- προστίθημι@v1saoa--- ἄν@d-------- νων@p-p---mg- μέν@d-------- ὕστερος@a-p---mac σύ@p-p---mg- δέ@c-------- βελτίων@a-p---mac"
"Orat. 35_11","ὅταν@c-------- οὖν@d-------- ἀκούω@v2ppsa--- λέγω3@v-pppamg- ὡς@c-------- ὁ@l-p---mn- μέν@d-------- εἰμί@v3piia--- πύργος@n-p---mn- ὁ@l-s---fg- πόλις@n-s---fg- σύ@p-p---mn- δέ@c-------- προδότης@n-p---mn- καί@d-------- ὁ@l-p---mn- μέν@d-------- αὐτός@p-s---fa- ποιέω@v3piia--- εὐδών@a-p---fn- μόνος@a-s---fa- σύ@p-p---mn- δέ@c-------- ἄθλιος@a-s---fa- καί@c-------- ὡς@c-------- εἰμί@v3siia--- ποτέ@d-------- ὁ@l-s---fn- βουλή@n-s---fn- μέγας@a-s---nn- νῦν@d-------- δέ@c-------- ὀλίγος@a-s---nn- μέν@d-------- αὐτός@p-s---fg- οὐ@d-------- θνήσκω@v3slia--- ὁ@l-s---nn- πλέος@a-s---nnc δέ@c-------- οἴχομαι@v3spie--- πῶς@d-------- ἅπτω@v2ppie--- σιτίον@n-p---ng- πῶς@d-------- δέ@d-------- ἀξιόω@v2ppia--- ζάω@v--pna--- πῶς@d-------- δέ@d-------- οὐ@d-------- εὔχομαι@v2ppie--- |@d-------- ὁ@l-s---fa- γῆ@n-s---fa- σύ@p-p---md- χάσκω@v--ana--- οὗτος@p-s---nn- γάρ@d-------- οὗτος@p-s---nn- εἰμί@v3spia--- ἐπί@r-------- ὅς@p-s---nd- τις@p-s---cn- ἄν@d-------- μάλιστα@d-------s ἀλγέω@v3saoa--- ὅτι@c-------- δυστυχέω@v-pppamn- οὐ@d-------- αἰσθάνομαι@v2ppme--- ἀλλά@c-------- σύν@r-------- ἡδονή@n-s---fd- ζάω@v2ppsa--- καί@c-------- γελάω@v2ppia--- πρός@r-------- τε@c-------- ἀλλήλων@p-p---ma- καί@c-------- ὁ@l-p---ma- ἄλλος@p-p---ma- καί@c-------- ἐν@r-------- τυγχάνω@v2ppia--- ὁ@l-p---md- ἄνθρωπος@n-p---md- ὄμμα@n-p---nd- ὡς@d-------- ἐν@r-------- οὐδείς@p-s---nd- καθίστημι@v-prpamn- κακός@a-s---nd- 12@x-------- καίτοι@d-------- τίς@p-s---nn- δεινός@a-s---nnc ὁ@l-s---fg- ἀφωνία@n-s---fg- οὗτος@p-s---fg- περί@r-------- εἰμί@p-------- τις@a-s---fn- ἄν@d-------- σύ@p-p---md- εἰμί@v3spoa--- δίκαιος@a-s---fn- πρόφασις@n-s---fn- ὁ@l-p---md- μέν@d-------- γάρ@d-------- αὖ@d-------- γονεύς@n-p---md- οὐ@d-------- ἄν@d-------- ἔχω@v2ppoa--- ἐγκαλέω@v--ana--- ὡς@c-------- οὐ@d-------- παραδίδωμι@v3paia--- τε@d-------- σύ@p-p---ma- παρά@r-------- ὅς@p-p---mg- εἰμί@v3siia--- τις@p-s---na- μανθάνω@v--ana--- καί@c-------- ἀναλίσκω@v3pria--- ὁ@l-p---na- εἰμί@v1spia--- θόος@v-papana- βιβλίον@n-p---na- τε@d-------- ὠνέομαι@v-pppemn- καί@c-------- μισθός@n-s---ma- τελέω@v-pppamn- οὐ@d-------- τοίνυν@d-------- οὐ@d-------- δέ@d-------- ἐγώ@p1p---md- ἤ1@c-------- ὡς@d-------- οὐ@d-------- ἐπίσταμαι@v-pppemd- μαρτυρέω@n-s---mv- ρέπω@v3pfia--- δέ@d-------- οὗτος@a-s---md- ὁ@l-s---md- λόγος@n-s---md- πολύς@a-p---fn- πόλις@n-p---fn- ἐν@r-------- πολύς@a-p---nd- ἔθνος@n-p---nd- ἐν@r-------- ὅς@p-p---fd- ὁ@l-p---mn- παρά@r-------- ἐγώ@p1s---ma- φοιτάω@v-prpamn- ἔχω@v3ppia--- ἐκ@r-------- ὁ@l-s---ng- λέγω3@v--pna--- ὁ@l-s---na- κρατέω@v--pna--- καί@d-------- εἰ@c-------- μή@d-------- μακρός@a-s---mg- τε@d-------- πρός@r-------- οὗτος@p-s---na- δεῖ@v3siia--- λόγος@n-s---mg- καί@c-------- ἅμα@d-------- εἰμί@v3siia--- ἐπαχθής@a-s---nn- καταλέγω@v1saia--- ἄν@d--------"
"Orat. 35_13","οὗτος@p-p---ng- τοίνυν@d-------- ἐν@r-------- μέν@d-------- ὁ@l-p---nd- διδασκαλεῖον@a-p---nd- οὐδείς@p-s---na- γίγνομαι@v2paim--- χείρων@a-p---mnc ὅς@l-p---fn- τε@c-------- γάρ@d-------- φύσις@n-p---fn- σύ@p-p---md- οἷος@a-p---fn- δέχομαι@v--anm--- ὁ@a-p---na- ὁ@l-s---fg- τέχνη@n-s---fg- πόνος@n-s---mg- τε@c-------- οὐ@d-------- ὀλίγος@a-s---na- τις@p-s---na- πρόσειμι1@v3siia--- ὁ@l-s---mn- ἐπί@r-------- οὗτος@p-s---nd- χρόνος@n-s---mn- οὐ@d-------- ὅμοιος@a-s---mn- ἀλλά@c-------- ἐκεῖνος@p-p---md- μέν@d-------- ἐφύ@v3saia--- λάχος@v3saip--- ὁ@l-s---nn- κτάομαι@v-sappnn- σύ@p-p---md- δέ@c-------- διατρέχω@v3saip--- ὁ@l-s---na- δέ@d-------- αἴτιος@a-s---na- ὁ@l-p---mn- μέν@d-------- ἅπτω@v3ppie--- σύγγραμμα@n-p---ng- σύ@p-p---mn- δέ@c-------- ἑρπετόν@n-p---ng- μᾶλλον@d-------c ἄν@d-------- ἤ1@c-------- οὗτος@p-p---mg- καί@c-------- ὁ@l-p---mn- μέν@d-------- οὐ@d-------- ποιέω@v3paim--- πρό@r-------- αὐτός@p-p---mg- ὁ@l-p---fa- ὁ@l-p---mg- ἵππος@n-p---mg- |@a-------- ἅμιλλα@n-p---fa- σύ@p-p---md- δέ@c-------- ὁ@l-s---mg- βίος@n-s---mg- κερ@n-s---nn- δίδωμι@v2sama--- οὗτος@p-p---fn- καί@c-------- πᾶς@a-p---mg- ἀμελέω@v-papamn- ὁ@l-p---ng- ἄλλος@p-p---ng- ὅπως@c-------- ὁ@l-s---mn- δεῖνα@p-s---mn- ὁ@l-s---mg- δεῖνα@a-s---mn- ἡνίοχος@n-s---mn- περίειμι1@v3sfim--- σκοπέω@v2ppia--- καί@d-------- ὁ@l-s---mn- οὗτος@p-s---na- ἐπαγγέλλω@v-sppemn- γόης@n-s---fg- ὁ@l-p---mg- θεός@n-p---mg- αὐτός@a-p---mg- ἕτερος@a-s---mn- καί@c-------- ὁ@l-p---mg- γε@d-------- θεατής@n-p---mg- ὁ@l-p---mn- ὁ@l-s---ma- ἱππόδρομος@n-s---ma- γεωρ@v-pppamn- γελάω@v-pppamn- ὅς@p-p---md- ἐντεῦθεν@d-------- ἀργύριον@n-s---nn- εἶπον@v--ana--- τε@d-------- τις@p-s---na- ὁ@l-p---md- κέλης@n-p---md- ἄνωθεν@d-------- καί@c-------- διά@r-------- ἐκεῖνος@p-p---mg- ὁ@l-p---md- ἐπί@r-------- ὁ@l-p---mg- ὁ@a-p---mg- οὗτος@p-p---ma- τοίνυν@d-------- σύ@p-p---mn- μακαρίζω@v2ppia--- ζηλόω@v2ppma--- μιμέομαι@v2ppma--- σθε@v2pamm--- οὗτος@p-p---md- ἔοικα@v--rna--- βούλομαι@v2ppie--- μᾶλλον@d-------c ἤ1@c-------- ὁ@l-p---md- πατήρ@n-p---md- καί@d-------- νή@r-------- ζεύς@n-s---ma- γε@d-------- ἔοικα@v2pria--- εἰμί@v3ppia--- δέ@d-------- ὁ@l-p---mn- πολύς@a-p---ma- αὐτός@p-p---mg- ἐν@r-------- ὁ@l-p---nd- αὐτός@p-p---mg- ἐκεῖνος@p-p---mg- νικάω@v2pria--- καί@c-------- φιλοτιμέομαι@v2ppie--- γε@d-------- ὁ@l-s---fd- νίκη@n-s---fd- οὗτος@a-s---fd- μᾶλλον@d-------c ἤ1@c-------- ὁ@l-p---mn- ὁ@l-p---ma- στέφανος@n-p---ma- ἐκ@r-------- ὀλυμπία@n-s---fg- ἀναιρέω@v-pppemn-"
"Orat. 35_14","ὁ@l-s---nn- δέ@d-------- οὐ@d-------- ἥκιστος@a-p---na- πρός@r-------- οὗτος@p-s---na- σύ@p-p---ma- ἠχός@n-s---mn- ἐκεῖνος@p-s---nn- εἰμί@v3spia--- ὅτι@c-------- πολύς@a-p---mn- μέν@d-------- ὁ@l-p---mg- νέος@a-p---mg- εἰς@r-------- οὗτος@p-s---fa- -@n-------- ὁ@a-s---fa- ὁ@l-s---fa- λειτουργία@n-s---fa- καθίστημι@v3paia--- πιπράσκω@v-prpamn- δέ@c-------- ἵππος@n-p---ma- ὅς@p-p---ma- εἰμί@v3piia--- ὠνέομαι@v-prpemn- ὁ@l-s---ng- λειτουργέω@v--pna--- μέν@d-------- ἀπαλλάσσω@v3saip--- σός@a-s---mn- ἐν@r-------- δέ@c-------- ὁ@l-p---fd- σπουδή@n-p---fd- ὁ@l-p---fd- τε@d-------- ὑπέρ@r-------- οὗτος@p-p---mg- καί@c-------- ὁ@l-p---mg- ἡνίοχος@n-p---mg- ὅς@p-p---md- ἡνίκα@c-------- λειτουργέω@v3piia--- χαίρω@v3piia--- μένω@v3paia--- καίτοι@d-------- πέρας@n-s---na- ἔχω@v-sppafg- ὁ@l-s---fg- δαπάνη@n-s---fg- τίς@a-s---na- μή@d-------- καί@d-------- ὁ@l-s---nn- τοι@l-p---nd- προσέχω@v--pna--- παύω@v3srie--- ἀλλά@c-------- ἀθάνατος@a-s---nn- προέρχομαι@v3spie--- ὁ@l-s---nn- κακός@a-s---nn- καί@d-------- ὁ@l-p---fa- βελτίων@a-p---fac καί@c-------- χείρων@a-p---fac ἡμέρα@n-p---fa- οὗτος@p-s---md- κρίνω@v2ppma--- ὁ@l-p---fd- νίκη@n-p---fd- καί@c-------- ὁ@l-p---fd- ὅστις@a-p---fd- ἐκεῖνος@p-p---mg- ὑμέτερος@a-p---fa- δέ@c-------- νίκη@n-p---fa- μέν@d-------- οὐ@d-------- ἄν@d-------- ἔχω@v2ppoa--- εἶπον@v--ana--- οὐδαμοῦ@d-------- ὁ@l-p---fd- δ@c-------- ’@c-------- ὅστις@a-p---fd- οὐ@d-------- ἄχθομαι@v2ppie--- τοσοῦτος@p-s---fn- τις@a-s---fn- ὁ@l-s---fn- ὁ@l-s---ng- νικάω@v--pne--- γίγνομαι@v3sria--- σύ@p-p---md- συνήθεια@n-s---fn- ἆρα@d-------- οὖν@d-------- ὀλιγωρέω@v1saia--- νοσέω@v-pppamg- καί@c-------- οὐ@d-------- ἐμί@p-s---fg- μῶμαι@v1saim--- ὁ@l-p---ma- ἰατρός@n-p---ma- οὐ@d-------- δέ@c-------- ὁ@p-p---na- ὁ@l-p---mg- ἀλγέω@v-pppamg- ποιέω@v1paia--- ησα@v1saia--- ἀλλά@c-------- ὅσος@a-s---na- καταράομαι@v--anm--- τοσοῦτος@p-s---na- φθέγγομαι@v-papafn- μένος@n-s---na- ἀπέρχομαι@v1saia--- καί@d-------- τις@a-s---fa- παραλείπω@v1saia--- ἡμέρα@n-s---fa- ἐν@r-------- ὅς@p-s---fd- μή@d-------- ὁ@l-p---na- ὁ@l-s---mg- νουθετέω@v-sppamg- διέρχομαι@v1saia--- ὦ@i-------- φίλος@a-p---mv- νήφω@v2pama--- παύω@v2pamm--- μεθύω@v-pppamn- ἐπανέρχομαι@v2pama--- πρός@r-------- νόος@n-s---ma- μανία@a-p---nn- οὗτος@a-p---nn- εἰμί@v3spia--- ἐν@r-------- σύ@p-p---mg- αὐτός@a-p---mg- γίγνομαι@v2pamm--- φείδομαι@v2pamm--- μέν@d-------- σύ@p-p---mg- αὐτός@a-p---mg- φείδομαι@v2pamm--- δέ@c-------- ἐγώ@p1s---mg- γίγνομαι@v2pamm--- κατά@r-------- ὁ@l-p---fa- γλῶσσα@n-p---fa- ὁ@l-p---mg- οἰκέτης@n-p---mg- βελ@d-------- τίω@a-p---ma- ὡς@d-------- νῦν@d-------- γε@d-------- τύχη@n-s---fd- μόνος@d-------- εἰμί@v2ppia--- βελτίων@a-p---fnc εἰ@c-------- δέ@d-------- ἐφίστημι@v3spoa--- τις@p-s---mn- σύ@p-p---md- τε@d-------- καί@c-------- ἐκεῖνος@p-p---md- γυμνός@a-p---md- λαλέω@v-pppamd- ἄλλος@a-s---na- οἶδα@v-srpamn- ὁ@l-p---ng- περί@r-------- σύ@p-p---ma- οὐδείς@p-s---na- οὐ@d-------- ἄν@d-------- ἐγώ@p1s---md- νομίζω@v--ana--- δοκέω@v3spia--- δίκαιος@a-s---na- εἰμί@v--pna--- ὁ@l-p---ma- ἕτερος@a-p---ma- ὁ@l-p---ng- ἕτερος@a-p---ng- κρατέω@v--pna---"
"Orat. 35_16","οὐ@d-------- ἀεί@d-------- παρά@r-------- ’@r-------- ἐγώ@p1s---cg- οὗτος@p-p---nn- τε@d-------- καί@c-------- ὁ@l-p---nn- τοιοῦτος@p-p---nn- οὐ@d-------- ὁράω@v-sppemn- πρόσω@d-------- θεν@d-------- οὗτος@a-p---na- ἐρῶ@v--fna--- προσδοκάω@v1siie--- οὐ@d-------- ὁ@l-s---fn- προσδοκία@n-s---fn- ὁ@p-p---ng- δρασμός@n-s---ma- σύ@p-p---mg- πολλάκις@d-------- ποιέω@v3saia--- οὐ@d-------- δέω2@v1saip--- σύ@p-p---mg- παύω@v--anm--- μισέω@v-pppama- ὁ@l-s---ma- δημοσθένης@n-s---ma- οὐ@d-------- ἐν@r-------- ὁ@l-p---nd- ἁμαρτάνω@v-pppend- σύ@p-p---md- ὁ@l-p---ng- ῥῆμα@n-p---ng- βαρύς@a-s---mn- εἰμί@v3siia--- ἐπανορθόω@v-sppamn- οὐ@d-------- μετά@r-------- ῥᾳστώνη@n-s---fg- ἐπαγγέλλω@v1saim--- ὁ@l-s---fa- περί@r-------- πολύς@a-p---na- ὁ@l-p---mg- πλημμελέω@v-pppemg- ἴασις@n-s---fa- σύ@p-p---md- δέ@d-------- καί@d-------- οὗτος@p-s---nn- ἐπίπονος@a-s---nn- δοκέω@v3siia--- ἀλλά@d-------- εἰ@c-------- καί@d-------- μή@d-------- πρότερος@a-s---na- νῦν@d-------- γε@d-------- βέλτιστος@a-p---mvs βεβαιόω@v2paia--- ὁ@l-s---na- ὄνομα@n-s---na- ὁ@l-p---nd- ἔργον@n-p---nd- καί@c-------- γίγνομαι@v2paim--- ὅς@p-s---na- δή@d-------- καλέω@v2prie--- πολιτεύω@v-pppemn- 17@x-------- πῶς@d-------- οὖν@d-------- οὗτος@p-s---nn- εἰμί@v3sfim--- ἄν@d-------- δύναμαι@v2pasp--- λέγω3@v--pna--- πῶς@d-------- οὖν@d-------- οὗτος@p-s---na- δύναμαι@v2pfim--- ἄν@c-------- μή@d-------- φεύγω@v2pasa--- ὁ@l-p---na- βιβλίον@n-p---na- μηδέ@d-------- ’@d-------- ἡδύς@a-p---nac νομίζω@v2pasa--- οὗτος@p-p---ng- ὅς@p-p---na- νῦν@d-------- δή@d-------- διέρχομαι@v1saia--- ὅς@p-p---md- προστίθημι@v3saoa--- τις@p-s---mn- ἄν@d-------- κύβος@n-p---ma- τε@d-------- καί@c-------- ὁ@l-s---fa- περί@r-------- θεός@n-p---ma- ἐνταῦθα@a-s---fa- ἀσέβεια@n-s---fa- οἶδα@v2prma--- γάρ@d-------- ὡς@c-------- οὐδείς@p-s---ng- ὅς@l-s---mn- γε@d-------- ἡσσάομαι@a-s---fn- μένω@n-s---mn- ἀπέχω@v3spie--- ῥῆμα@n-s---ng- καί@c-------- εἰμί@v3spia--- ἡδύς@a-s---mn- τε@c-------- καί@c-------- ἀστεῖος@a-s---mn- ἀσεβής@v-sppamn- ἐάω@v2ppma--- μέν@g-------- χαίρω@v--pna--- ὀρχηστής@n-p---ma- ἐάω@v2ppma--- δέ@g-------- ἡνίοχος@n-p---ma- χωρέω@v2ppma--- δέ@d-------- παρά@r-------- ὁ@l-p---ma- παλαιός@a-p---ma- ῥήτωρ@n-p---ma- καί@d-------- ὁ@l-p---fa- γλῶσσα@n-p---fa- ἐκκαθαίρω@v2ppia--- καί@c-------- τάχα@d-------- τις@p-s---mn- σύ@p-p---ma- ὁράω@v3sfim--- ὁ@v2sria--- οὐ@d-------- σιωπάω@v-pppama-"
"Orat. 35_18","εἰ@c-------- δέ@d-------- οὐ@d-------- εἰμί@v3spia--- σύ@p-p---md- ὅλος@d-------- ἀφεστήξω@v--ana--- ὁ@l-p---ng- παιδικός@n-p---ng- ἐκεῖνος@a-p---ng- συμφορά@n-s---fn- μέν@d-------- πᾶς@a-s---nn- ὁ@l-p---nn- ζημιόω@v-pppann- σύ@p-p---mn- δέ@c-------- ἴσος@a-s---na- ἑκάτερος@a-s---md- νέμω@v2ppia--- ὁ@l-s---md- τε@d-------- χείρων@a-s---mdc ὁ@l-s---md- τε@c-------- βελτίων@a-s---mdc καίτοι@d-------- ποῦ@d-------- οὗτος@a-s---nn- δίκαιος@a-s---nn- ἀλλά@d-------- ’@d-------- ὅμως@d-------- δίδωμι@v1spia--- δειπνέω@v2sria--- μή@d-------- διατρίβω@v2spma--- ὁ@l-s---fd- μνήμη@n-s---fa- περί@r-------- ὁ@l-p---ma- ἡνίοχος@n-p---ma- ἐρίζω@v-sppamn- πρός@r-------- ὁ@l-s---ma- οἰκέτης@n-s---ma- ἐάν@c-------- μηδείς@p-s---mn- ἄλλος@p-s---mn- πάρειμι@v3spsa--- ἀλλά@c-------- αἰτέω@v-sfpmmn- βιβλίον@n-s---na- θάσσω@v-sapamn- ὁ@l-s---fa- γλῶσσα@n-s---fa- καθεύδω@v3saia--- καί@d-------- ἐν@r-------- ὁ@l-p---fd- μακρός@a-p---fd- ὁ@l-p---ng- κτάομαι@a-p---mg- ἀείδω@d-------- μετά@r-------- ὁ@l-p---mg- ἀλεκτρυών@a-p---mg- εἰς@r-------- ἀγορά@n-s---fa- τε@d-------- ἔρχομαι@v-sapamn- ἐάν@c-------- ὁ@l-p---na- πρᾶγμα@n-p---na- παρέχω@v3spsa--- μή@d-------- νομίζω@v2spma--- αἰσχύνη@n-s---fa- ὀφλέω@v--fna--- ἐάν@c-------- ὁράω@v2sasp--- ἐκ@r-------- βιβλίον@n-s---ng- τις@p-s---na- λαμβάνω@v-sppamn-"
"Orat. 35_19","οὗτος@p-p---na- σύ@p2s---cd- καλός@a-s---na- ποιέω@v3sfia--- ὁ@l-s---nn- στόμα@n-s---nn- οὗτος@p-p---na- ῥέω@a-s---na- δείκνυμι@v3sfia--- οὗτος@p-p---nn- ταχύς@a-s---fa- τε@d-------- ἀπεργάζομαι@v3sfim--- σύ@p2s---cd- ὁ@l-s---fa- γλῶσσα@n-s---fa- καί@c-------- ἅμα@d-------- τίω@n-p---fa- κρείσσων@a-s---fac ἀπό@r-------- οὗτος@p-s---fg- οἰκοδόμησις@v2sfia--- λαμπρός@a-s---nac καί@c-------- γεωργέω@v2sfia--- καλός@a-s---nac καί@c-------- πλείων@a-p---ngc ἔπιπλα@n-p---ng- εἰμί@v2sfim--- δεσπότης@n-s---mn- καί@c-------- ὁ@l-p---ma- ἐγώ@p1s---mg- τε@d-------- καί@c-------- σύ@p2s---cg- κατηγορέω@v-pppama- ἐπιστομίζω@v2sfia--- ὡς@c-------- οὐ@d-------- μεταβάλλω@v-sppamn- γε@d-------- τις@p-s---na- ὁ@l-p---ng- νῦν@d-------- ἐν@r-------- νήμιος@n-s---fd- βιόω@v2sfim--- τάχα@d-------- ’@d-------- ἄν@g-------- οὖν@g-------- τις@p-s---mn- ἐγώ@p-s---ma- ἔρομαι@v3saom--- τίς@p-s---nn- δ@d-------- ’@d-------- ἅπας@a-p---mn- εἰμί@v3ppia--- ὁ@l-p---mn- ὅδε@p-s---fd- τοιοῦτος@p-p---mn- λέγω3@v3spia--- δέ@d-------- οὐδείς@p-s---mn- ὁ@l-p---mg- σύ@p-s---md- πλησιάζω@v-prpamg- οὐδέ@g-------- γε@d-------- πολιτεύω@v3spie--- ἐγώ@p-s---mn- δέ@d-------- οὗτος@p-s---na- μέν@d-------- οὐ@d-------- ἄν@d-------- φημί@v1spoa--- οὐ@d-------- δέ@c-------- ἄν@d-------- μάχομαι@v1saom--- ὁ@l-p---nd- οὕτως@d-------- φανερός@a-p---nd- ἐκεῖνος@p-s---nn- δέ@c-------- ὅτι@c-------- ὀλίγος@a-p---mn- μέν@d-------- οὗτος@p-p---mn- πολύς@a-p---mn- δέ@c-------- ἐκεῖνος@p-p---mn- ὁ@l-p---mn- μέν@d-------- δύο@m-------- ἤ1@c-------- τρεῖς@m-p---mn- ὁ@l-p---mn- δέ@d-------- δεκάκις@d-------- τοσόσδε@p-s---ng- σύ@d-------- δεῖ@v3siia--- δέ@d-------- εἴπερ@c-------- ἄρα@d-------- καί@d-------- οὗτος@p-s---nn- δεῖ@v3siia--- τρεῖς@m-p---cn- μέν@d-------- εἰμί@v--pna--- ὁ@l-p---ma- οὐ@d-------- λέγω3@v-pppama- πολλάκις@d-------- δέ@d-------- τοσοῦτος@p-p---ma- ὁ@l-p---ma- λέγω3@v-pppama- οὐ@g-------- δέ@g-------- γάρ@g-------- ἀγρός@n-s---ma- ἐπαινέω@v1saoa--- ἄν@g-------- ὅς@p-s---mg- ὁ@l-s---nn- ἀργός2@a-s---nn- οὐ@g-------- δέ@c-------- παιδοτρίβης@n-s---fg- εὐδόκιμος@a-s---mn- ὅστις@p-s---md- τρεῖς@m-------- μέν@g-------- ἐπίσταμαι@v3ppie--- παλαίω@v--pna--- ὁ@l-s---na- δέ@g-------- ἄλλος@a-s---na- πᾶς@a-s---na- ἄλλως@d-------- ἀριθμός@n-s---mn- λόχος@n-s---ma- δέ@g-------- καθίζω@v3saoa--- τις@p-s---mn- ἄν@g-------- ἀνήρ@n-p---mg- εἴκοσι@m-------- ἤ1@c-------- καί@d-------- νων@n-p---mg- ἐν@r-------- ὅς@p-s---md- πλήν@r-------- τρεῖς@a-p---mg- δειλός@a-p---mn- πᾶς@a-p---mn- πάσχω@v-pppamn- οἷος@a-p---na- φημί@v3spia--- ὁ@l-p---ma- κακός@a-p---ma- ἐν@r-------- ὁ@l-p---fd- ἐνέδρα@n-p---fd- ὅμηρος@n-s---mn-"
"Orat. 35_21","οὐ@d-------- ἀρκέω@v3spia--- τοίνυν@d-------- οὐ@d-------- τε@d-------- ἐγώ@p1s---md- οὐ@d-------- τε@c-------- ὁ@l-s---fd- πόλις@n-s---fd- ὁ@l-s---na- τρεῖς@m-------- λέγω3@v--pna--- ἀλλά@c-------- πᾶς@a-p---ma- ὅσος@a-p---mn- μετέχω@v3paia--- ὁ@l-p---ng- ἱερόν@n-p---fg- αὐτός@a-p---ma- δέ@d-------- οὗτος@p-p---ma- πρός@r-------- δῖος@n-s---mg- ὁ@l-p---ma- τρεῖς@a-------- καί@d-------- ἑαυτοῦ@p-p---md- καί@c-------- ὁ@l-s---fd- πόλις@n-s---fd- χρήσιμος@a-p---mac σύ@p-p---mg- ὁμολογέω@v2ppia--- εἰμί@v--pna--- ἤ1@c-------- οὐ@d-------- εἰ@c-------- μέν@d-------- γάρ@d-------- οὐ@d-------- φημί@v2ppia--- μαίνομαι@v2ppie--- εἰ@c-------- δέ@c-------- συγχωρέω@v2ppia--- τίς@p-s---na- οὐ@d-------- ἐγκαλύπτω@v2ppie--- εἰ@c-------- δέ@d-------- οὐ@d-------- δύναμαι@v2ppie--- ὁ@l-s---na- αὐτός@a-s---na- ἐκεῖνος@d-------- νοι@a-p---nd- ποιέω@v--pna--- σύ@p-p---ma- αὐτός@a-p---ma- ἀποστερέω@v2pria--- ἤ1@d-------- οὐ@d-------- ὁ@l-p---md- αὐτός@p-p---md- ἅπας@a-p---mn- παιδεύω@v2piie--- νόμος@n-p---md- ἐν@r-------- ὁ@l-s---nd- αὐτός@p-s---md- γυμνός@a-s---nd- -@x-------- σίος@n-s---md- ὁ@l-s---fa- αὐτός@a-s---fa- ὁδός@n-s---fa- εἶμι@v-pppamn- ὁ@l-s---fg- αὐτός@a-s---fg- φωνή@n-s---fg- ἀκούω@v-pppmmn- εἰμί@v-pppamn- ὁ@l-p---mg- αὐτός@a-p---mg- ἰχνεύς@n-p---mg- ἔχω@v-pppemn- πόθεν@d-------- οὖν@d-------- οὐ@d-------- ἴσος@a-p---mn- πᾶς@a-p---mn- οὐ@d-------- δέ@c-------- παραπλήσιος@a-p---mn- εἶπον@v3paia--- καί@c-------- διαλέγω@v1saip--- παρά@r-------- ’@r-------- σύ@p-p---mg- οὖν@d-------- ἔχω@v-pppamn- ὁ@l-p---mg- κατά@r-------- ἐγώ@p1s---mg- λόγος@n-p---mg- ἀφορμή@n-p---fa- ὁ@l-p---mn- ὁ@l-s---ng- κακός@d-------- ἐγώ@p1s---ma- λέγω3@v--pna--- ἐπιθυμέω@v-pppamn- κρύπτω@v3ppia--- ὁ@l-p---ma- τρεῖς@m-------- ἐκεῖνος@p-p---ma- ὁ@l-s---nd- πλῆθος@n-s---nd- ὁ@l-p---fg- χείρων@n-p---mg- 22@x-------- ὁ@l-s---nn- δέ@d-------- πᾶς@a-p---ng- ἀλγεινός@a-s---nns ὅτι@c-------- ὁ@l-s---mn- δεῖνα@p-s---mn- μέν@d-------- ὅς@p-s---mg- οὐ@d-------- ἄν@d-------- εἶπον@v1saoa--- ὁ@l-s---na- ὄνομα@n-s---na- ῥήτωρ@n-s---mn- ἀξιόω@v3spia--- νομίζω@v--pne--- πᾶς@a-p---na- μᾶλλον@d-------c μανθάνω@v-srpamn- ἤ1@c-------- λέγω3@v--pna--- οὐ@d-------- δέ@c-------- γάρ@d-------- φοιτάω@v3saia--- παρά@r-------- τοιοῦτος@a-p---ma- διδάσκαλος@n-p---ma- ἀλλά@c-------- ὅμως@d-------- οὐ@d-------- ἄν@d-------- ἐκ@v3saoa--- θέω@v--pna--- ἀνέχω@v3saom--- πρίν@c-------- εἶπον@v--ana--- τις@p-s---na- πρός@r-------- ὁ@l-s---ma- δικαστής@n-s---ma- ἤ1@c-------- πλέος@a-s---na- ἤ1@c-------- ἐλάσσων@a-s---nac σύ@p-p---mn- δέ@d-------- ὁ@l-p---mn- ὁ@l-p---fa- δέλτος@n-p---fa- ἐν@r-------- παῖς@n-p---cd- πολλάκις@d-------- ἕκαστος@a-s---mg- μείς@n-s---mg- ὁ@l-p---ng- ῥητορικός@a-s---fd- προσήκω@v-pppang- γράμμα@n-p---ng- ἐμπίπλημι@v-prpamn- ἀπέρχομαι@v2ppie--- τοσοῦτος@p-s---na- ὁ@l-p---ng- ἐν@r-------- ὁ@l-p---fd- γραφή@n-p---fd- διαφέρω@v-papamn- ὅσος@a-s---na- βαδίζω@v2ppia--- καί@c-------- βλέπω@v2ppia--- καί@c-------- ἀναπνέω@v2ppia--- ὁ@l-p---na- δέ@d-------- ὁ@l-s---fg- ἀφωνία@n-s---fg- ἴσος@a-p---na- 23@x-------- ὁ@l-p---md- γάρ@d-------- πρέσβυς@a-p---md- νή@r-------- ζεύς@n-s---ma- παρά@r-------- χωρητέον@a-s---nn- πάνυ@d-------- γε@d-------- ὁ@l-s---ng- πρῶτος@a-p---ma- εἶπον@v--ana--- σύ@p-p---mn- δ@d-------- ’@d-------- αὐτός@p-p---md- παρέχω@v2ppia--- ὁ@l-s---na- μόνος@a-p---ma- οὐ@d-------- γάρ@d-------- ἐπί@r-------- ἐκεῖνος@p-p---md- ἄξιος@v3spia--- οὔτε@d-------- λέγω3@v--pna--- ἀλλά@c-------- οὐ@d-------- δέ@c-------- λέγω3@v--pna--- ὅλος@d-------- εἰμί@v3spia--- δέ@d-------- ἐκεῖνος@p-s---nn- μέν@d-------- τιμάω@v-pppamg- ἐκεῖνος@p-p---ma- οὗτος@p-s---nn- δέ@d-------- ἑαυτοῦ@p-p---ma- καταισχύω@v3spia--- ὄνος@v-pppamg- ὁ@l-p---mn- δέ@d-------- οὐδέ@d-------- ’@d-------- αὐτός@a-p---mn- οὗτος@p-s---nd- γε@d-------- ἄν@d-------- ἀξιόω@v3paia--- τιμάω@v--pne--- αι@v--pne--- καίτοι@d-------- καί@d-------- πρό@r-------- ἐκεῖνος@p-p---ng- εἰμί@v3spia--- ὅς@p-s---ng- λέγω3@v--pna--- οἴομαι@v-pppemn- δεῖ@v--pna--- ἔχω@v2ppia--- ἄν@d-------- εἰς@r-------- παράδειγμα@n-s---na- ἱκανός@a-s---na- καταφεύγω@v--pna--- ὁ@l-s---ma- δημοσθένης@n-s---ma- ὅς@p-s---mn- αὐτός@p-s---mn- ὁμολογέω@v3spia--- πρότερος@a-s---mn- ἐκεῖνος@d-------- νέω@v-sppamn- μετά@r-------- ὅς@p-p---ma- ἔθω@v3slia--- λέγω3@v--pna--- ἀνίστημι@v--rna---"
"Orat. 35_24","ἔτι@d-------- τοίνυν@d-------- ὁ@l-p---mn- νῦν@d-------- πρέσβυς@a-p---mnc εἰμί@v3siia--- ὅτε@c-------- εἰμί@v3piia--- ἕτερος@a-p---mg- ἕτερος@a-p---mn- καί@c-------- πλείων@a-p---mnc γε@d-------- ἐκεῖνος@p-p---mg- ἤ1@c-------- ὅσος@a-s---na- σύ@p-p---mn- οὗτος@p-p---mg- νέος@a-p---mnc ἔρομαι@v2pamm--- οὖν@d-------- αὐτός@p-p---ma- εἰ@c-------- ὁ@l-s---na- σύ@p-p---mg- ποιέω@v3piia--- καί@c-------- οὐ@d-------- τε@d-------- λέγω3@v3piia--- οὐ@d-------- τε@d-------- ἀντιλέγω@v1siia--- οὐ@d-------- τε@c-------- προπηδάω@v1siia--- καί@d-------- τάχα@d-------- εὑρίσκω@v2pfia--- πᾶς@a-p---na- οὗτος@p-p---na- ποιέω@v-prpama- καί@c-------- οὗτος@p-p---nd- βλάπτω@v-pappma- μέν@d-------- οὐδείς@p-s---na- κερδαίνω@v-papama- δέ@c-------- ὁ@l-p---na- μέγας@a-p---nas ὅς@p-s---nn- καί@d-------- ὁ@l-p---ma- ἔθω@v-prpama- κρατέω@v--pna--- θορυβέω@v3sria--- οἶδα@v1sria--- δέ@d-------- οὐ@d-------- δέ@c-------- ὁ@l-p---md- τρεῖς@a-p---md- οὗτος@p-p---md- ὅς@p-p---mn- ὁ@l-p---na- ὁ@l-p---mg- πάλαι@d-------- νέος@a-p---mgc ὁ@l-s---fd- νῦν@d-------- πρός@r-------- αὐτός@p-p---ma- γηράσκω@v-prpama- αἰσχύνη@n-s---fa- οὗτος@p-s---na- φέρω@v3paia--- καί@c-------- ψόγος@n-s---ma- ἀλλά@c-------- δόξα@n-s---fa- τε@c-------- καί@c-------- ἔπαινος@n-p---ma- καί@c-------- ὁ@l-s---na- ὁ@l-s---fg- ἐκεῖνος@p-p---mg- δύναμις@n-s---fg- εἰμί@v--pna--- μή@d-------- πρόσω@d-------- 25@x-------- παύω@v2pamm--- ’@d-------- οὖν@d-------- εἰς@r-------- αἰδώς@n-s---fa- τε@d-------- καί@c-------- ἐπιείκεια@n-s---fa- οὗτος@p-s---na- ἀναφέρω@v-pppamn- ὅς@p-s---na- ὁ@l-s---nd- μή@d-------- δύναμαι@v--pne--- λέγω3@v--pna--- γίγνομαι@v3spie--- ἐπεί@c-------- πολλάκις@d-------- γε@d-------- ἀνήρ@n-s---mg- τις@a-s---mg- ἄπειμι1@v-sppamg- ἀνάγκη@n-s---fg- σύ@p-p---ma- κατά@r-------- λαμβάνω@v-sapafg- λέγω3@v--pna--- ἀξιόω@v2paia--- καλέω@v--pna--- ἐκεῖνος@p-s---ma- ὡς@d-------- οὐ@d-------- ἔχω@v-pppamn- ὅς@p-s---na- τις@a-s---na- ἄν@d-------- καί@d-------- λέγω3@v2ppsa--- τίς@p-s---nn- οὖν@d-------- ἄν@c-------- ἐκεῖνος@p-s---mn- τε@d-------- λευτέω@v3sasa--- ὁ@l-s---ma- βίος@n-s---ma- τίς@p-s---na- δράω@v2pfia--- πρέσβεια@n-s---fg- ὡς@c-------- ὁ@l-s---ma- τωνα@n-s---ma- δέω2@v2pfim--- πέμπω@v--ana--- δεῦρο@d-------- ὁ@l-s---ma- ἀνήρ@n-s---ma- δέω2@v-pfpmma- ὅπως@c-------- γίγνομαι@v3paom--- περί@r-------- ὁ@l-p---ng- πρᾶγμα@n-p---ng- λόγος@n-p---mn- οὐ@d-------- γάρ@g-------- δή@g-------- ὁ@l-s---md- ’@p-s---ma- ἐκεῖνος@a-s---mg- γε@g-------- θάνατος@n-s---md- γίγνομαι@v2pfim--- ῥήτωρ@n-p---mn- οὐκοῦν@d-------- ζάω@v-sppamg- ἀμείνων@a-s---nnc ἅπτω@v--anm--- ὁ@l-s---ng- λέγω3@v--pna--- κτάομαι@v-pfpmma- δύο@m-------- ναμις@n-s---fa- ἤ1@c-------- θνήσκω@v-srpamg- ἐπιχειρέω@v--pna--- εἶτα@c-------- ἀπορέω@v-pppama- ἀσχημόνω@v3saoa--- μονέω@v--pna--- εἰ@c-------- δή@d-------- ὁ@l-s---nn- μέν@d-------- δύναμαι@v--pne--- λέγω3@v--pna--- ἀναγκαῖος@a-s---nn- οὗτος@p-s---nn- δέ@d-------- δέω@v3spie--- βιβλίον@n-p---ng- βιβλίον@n-p---nd- ὁμιλητέον@a-s---nn- σύ@p-p---md- ἀλλά@c-------- ἡδύς@a-s---nn- ὁ@l-s---nn- μή@d-------- πονέω@v--pna--- ὅς@p-s---mn- δέ@g-------- γε@g-------- φημί@v2spia--- αὐ@a-s---mn- -@a-s---mg- ὁ@a-s---mn- ἀπαιτέω@v3spia--- πόνος@n-s---ma- καί@d-------- τίς@a-s---na- δεινός@a-s---nn- ἀφίστημι@v-papama- νή@n-s---fg- βλαβερός@a-s---fg- χράω2@v--anm--- πόνος@n-p---md- συμφέρω@v-pppamd- εἰ@c-------- ὁ@l-s---nn- τέλος@n-s---nn- ὁ@l-s---ng- τέλος@n-s---ng- βελτίων@a-s---nnc βελτίων@a-s---mnc ὁ@l-s---fg- ἡδονή@n-s---fg- ὁ@l-s---mn- πόνος@n-s---mn- ἡδύς@a-s---nn- μέν@d-------- ὁ@l-p---md- γεωργός@a-p---md- ἀργέω@v--pna--- ἀλλά@c-------- ἀνάγκη@n-s---fn- πεινέω@v--pna--- διά@r-------- οὗτος@p-s---na- ἀρόω@v3pfia--- καί@c-------- |@d-------- σπείρω@v3ppia--- πο@d-------- νοέω@v-pppamn- ὅπως@c-------- μή@d-------- οὗτος@p-s---na- πάσχω@v3paoa--- ἐν@r-------- πόνος@n-s---mn- ἐν@r-------- ὁ@l-s---nd- πλέω@v--pna--- καί@c-------- νή@r-------- ζεύς@n-s---ma- γε@d-------- καί@c-------- κίνδυνος@n-p---mn- ἀλλά@c-------- ὁ@l-s---nn- προσ@x-------- τίθημι@v--ana--- ὁ@l-p---nd- εἰμί@v-pppamd- ἡδύς@a-s---nnc ἤ1@c-------- ὁ@l-s---nn- μη@d-------- δέ@d-------- ἐπιβαίνω@v--ana--- ὁ@l-s---ng- σκάφος2@n-s---ng- εἰ@c-------- οὗτος@p-p---na- πύκτης@n-s---mn- λογίζομαι@v3siie--- πότε@d-------- ἄν@d-------- φέρω@v3saim--- στέφανος@n-s---ma- ἡδύς@a-s---nn- ζάω@v--pna--- ἔξω@r-------- λόγος@n-p---mg- ὁ@l-s---fn- δέ@d-------- ἐν@r-------- δικαστήριον@n-p---nd- σιωπή@n-s---fn- λύπη@n-s---fa- οὐ@d-------- ἔχω@v3spia--- ἀηδής@a-s---nn- σύγγραμμα@n-p---nd- δίδωμι@v--ana--- ὁ@l-p---na- ὄμμα@n-p---na- ὁ@l-s---mn- δέ@d-------- ἐντεῦθεν@d-------- τόκος@n-s---mn- οὐ@d-------- ἡδύς@a-s---nns"
"Orat. 35_27","οὕτως@d-------- ὁ@l-p---nn- μέν@d-------- ἡδύς@a-p---nn- ἐγώ@p1p---md- εἰς@r-------- ἀηδία@n-s---fa- τελευτάω@v3spia--- ὁ@l-p---nn- δέ@c-------- ἀηδής@a-p---nn- δοκέω@v-pppann- εἰς@r-------- ἡδονή@n-s---fa- ἡδονή@n-s---fa- ὅς@p-s---fn- μόνος@a-s---fn- πρέπω@v-sppafn- εἰμί@v3spia--- ἀνήρ@n-s---md- γε@d-------- ὡς@d-------- ἀληθής@d-------- ὅς@p-s---fa- ἔξεστι@v3spia--- καλός@a-s---fa- προσλέγω@v--ana--- τίς@p-s---na- γάρ@d-------- εἶπον@v3saoa--- τις@p-s---mn- ἄν@d-------- καλός@a-s---nac ἤ1@c-------- εἰ@c-------- κατά@r-------- ἅπας@a-s---fa- ὁ@l-s---fa- πόλις@n-s---fa- λόγος@n-s---mn- εἰμί@v3spoa--- περί@r-------- λόγος@n-p---ma- ἐρῶ@v-pappma- καλός@d-------- οὕτως@d-------- μέν@d-------- ἄν@d-------- καί@d-------- ἀλλήλων@p-p---md- ἐγώ@p1s---mn- τε@d-------- καί@c-------- σύ@p-p---mn- ἡδέως@d-------- σύνειμι@v1paip--- ἐγώ@p-s---mn- μέν@d-------- λαμβάνω@v-srpamn- χάρις@n-s---fa- σύ@p-p---mn- δέ@c-------- δίδωμι@v-prpamn- ὡς@c-------- νῦν@d-------- γε@d-------- δυσχεραίνω@v1ppia--- ἀλλήλων@p-p---ma- σύ@p-p---mn- μέν@d-------- ἐγώ@p1s---ma- ὁ@l-s---ma- ὑπό@r-------- σύ@p-p---mg- ἀδικέω@v-sppema- ἐγώ@p-s---mn- δέ@c-------- σύ@p-p---ma- ὁ@l-p---ma- ἀδικέω@v-pppama- ἐγώ@p1s---ma- 28@x-------- γίγνομαι@v2ppme--- δή@d-------- μέγας@a-p---mn- καί@d-------- ἰσχυρός@a-p---mn- καί@c-------- λαμπρός@a-p---mn- καί@d-------- ὁ@l-p---ma- ἐν@r-------- ὁ@l-p---fd- ἄλλος@a-p---fd- πόλις@n-p---fd- ἡλικιώτης@n-p---ma- σύ@p2p---cg- αἰδέσθητε@v2samp--- ὁ@l-p---ma- τε@c-------- νῦν@d-------- λαγῶς@n-p---ma- σύ@p-p---ma- ὀνομάζω@v-pppama- ἄλλος@a-s---na- τις@p-s---na- καλός@a-s---nac καλέω@v--pna--- ἀναγκάζω@v2pama--- καί@d-------- τάχα@d-------- γε@d-------- ἄν@d-------- τις@p-s---mn- καιρός@n-s---mg- πρέσβεια@n-s---fg- ἥκω@v-sppamg- ἐπί@r-------- σύ@p-p---ma- ἔρχομαι@v3saoa--- ὁ@l-p---ma- μέν@d-------- πρέσβυς@a-p---mac ἀφίημι@v-sppamn- ὡς@d-------- ἄν@d-------- τις@p-s---cg- δέω2@v-pppema- ἀναπαύω@n-s---fg- -@a-s---fg- σις@n-s---fg- σύ@p-p---mg- δέ@c-------- τις@p-p---ma- εἶμι@v--pna--- γράφω@v-sppamn- ὡς@d-------- ἀπό@r-------- ὁ@l-s---fg- γνώμη@n-s---fg- ὁπόσος@a-p---na- ἄν@d-------- ἐκεῖνος@p-p---mn- οὗτος@p-s---na- μᾶλλον@d-------- ἀγορά@v-sppamn- ἅπας@a-p---fg- καί@c-------- στοά@n-p---fg- κοσμέω@v3saoa--- ἄν@d-------- ὁ@l-s---fa- πόλις@n-s---fa- οὗτος@p-s---nn- σύ@p-p---ma- μᾶλλον@d-------- ἤ1@c-------- πᾶς@a-p---mn- μέν@d-------- ἀθλητής@n-p---mn- τέρπω@v3sfia--- οἴομαι@v1spie--- πᾶς@a-p---mn- δέ@d-------- κυνηγέτης@n-p---mn- πᾶς@a-p---mn- δέ@c-------- ἡνίοχος@n-p---mn- οὗτος@p-s---nn- ’@p-s---nn- ἐγώ@p-s---md- ὁ@l-p---fa- πολύς@a-p---fa- ὁ@l-p---fa- νῦν@d-------- ἀθυμία@n-p---fa- ἐκβάλλω@v3sfia--- ὁ@l-s---fg- ψυχή@n-s---fg- οὗτος@p-s---nn- μόνος@a-s---nn- ἄν@d-------- ἐγώ@p1s---md- γίγνομαι@v3saom--- πρός@r-------- ὁ@l-p---na- πάρειμι1@v-pppana- φάρ@n-p---na- μηλον@n-s---ma-"
